Low temperature calibration + measurements

temp
36.9375C
[1mTDC>[0m calinfo
CHANNEL 0
HIST: 0,1034,353,1904,2082,0,1316,0,1447,0,1125,0,1271,0,717,0,1734,0,815,0,1250,0,1450,0,1226,0,1228,0,1000,0,1322,0,2033,0,0,0,1700,0,1278,0,1505,0,988,0,1442,0,845,0,1100,0,1260,0,1498,0,764,0,2401,0,1097,0,1801,0,697,0,1164,0,1331,0,802,0,1326,0,1666,0,1028,0,418,146,1353,0,1274,0,1067,0,1329,98,1992,0,544,0,1801,0,847,0,1541,0,942,0,650,0,2257,0,526,0,1249,0,1044,0,1102,0,1178,0,1272,0,1033,0,1223,0,1100,0,1739,0,894,0,1644,0,520,0,1615,0,923,0,1479,0,1052,0,2076,0,721,0,1242,0,1019,0,1540,0,921,0,1061,0,2004,0,994,0,776,0,1205,0,952,0,1366,0,1536,0,739,0,1055,0,1914,0,82,0,2357,0,217,0,1411,0,782,0,1886,2515,0,0,0,0,706,0,840,0,1196,0,1599,0,663,0,1661,0,755,0,1495,0,1026,0,744,0,1574,0,1536,0,818,0,1761,0,1147,0,1386,0,1162,0,876,0,815,0,1459,0,1367,0,1105,0,1214,0,1700,0,552,0,936,0,1049,0,1180,0,859,0,2600,0,1227,0,1578,0,1521,0,85,0,863,0,2250,0,968,0,1525,0,1207,0,329,0,1148,0,1938,0,129,0,2199,0,906,0,1160,83,1106,0,2307,0,528,0,2164,0,605,0,1574,0,1264,0,1288,0,1001,0,1409,0,860,0,1115,0,1118,0,838,0,1471,0,1505,0,1345,0,1662,0,815,0,2332,0,721,0,738,0,1184,0,1308,0,1145,0,1733,0,724,0,1725,0,511,0,2027,0,1086,0,1281,0,1016,0,1073,1,1750,0,1115,0,1135,0,1238,0,894,0,1271,317,713,0,619,283,1241,0,1864,0,1054,0,1311,0,1208,0,1435,0,478,0,1485,0,1408,0,770,0,1170,0,1377,0,942,0,1351,0,1001,0,1654,0,967,0,908,1,1460,0,1034,0,1690,0,1592,0,918,0,1979,0,541,0,1673,0,1005,0,1118,0,1460,0,894,0,986,0,663,0,585,0,662,0,174,0,48,0,0,0,1,0,0,0,0,0,0,0,0,0,0,0,0,0,0,0,0,0,0,0,0,0,0,0,0,0,0,0,0,0,0,0,0,0,0,0,0,0,0,0,0,0,0,0,0,0,0,0,0,0,0,0,0,0,0,0,0,0,0,0,0,0,0,0,0,0,0,0,0,0,0,0,0,0,0,0,
LUT: 0,0,32,43,102,167,167,209,209,254,254,289,289,329,329,351,351,405,405,431,431,470,470,515,515,553,553,592,592,623,623,664,664,728,728,728,728,781,781,821,821,868,868,899,899,944,944,970,970,1005,1005,1044,1044,1091,1091,1115,1115,1190,1190,1224,1224,1280,1280,1302,1302,1338,1338,1380,1380,1405,1405,1447,1447,1499,1499,1531,1531,1544,1548,1591,1591,1630,1630,1664,1664,1705,1708,1771,1771,1788,1788,1844,1844,1870,1870,1919,1919,1948,1948,1968,1968,2039,2039,2055,2055,2094,2094,2127,2127,2161,2161,2198,2198,2238,2238,2270,2270,2308,2308,2343,2343,2397,2397,2425,2425,2476,2476,2493,2493,2543,2543,2572,2572,2618,2618,2651,2651,2716,2716,2739,2739,2777,2777,2809,2809,2857,2857,2886,2886,2919,2919,2983,2983,3014,3014,3038,3038,3076,3076,3106,3106,3148,3148,3196,3196,3219,3219,3252,3252,3312,3312,3315,3315,3388,3388,3395,3395,3439,3439,3464,3464,3523,3601,3601,3601,3601,3601,3623,3623,3650,3650,3687,3687,3737,3737,3758,3758,3810,3810,3833,3833,3880,3880,3912,3912,3935,3935,3984,3984,4032,4032,4058,4058,4113,4113,4149,4149,4192,4192,4228,4228,4256,4256,4281,4281,4327,4327,4370,4370,4404,4404,4442,4442,4495,4495,4512,4512,4542,4542,4574,4574,4611,4611,4638,4638,4719,4719,4758,4758,4807,4807,4855,4855,4857,4857,4884,4884,4955,4955,4985,4985,5032,5032,5070,5070,5080,5080,5116,5116,5177,5177,5181,5181,5250,5250,5278,5278,5314,5317,5351,5351,5423,5423,5440,5440,5508,5508,5526,5526,5576,5576,5615,5615,5655,5655,5687,5687,5731,5731,5758,5758,5792,5792,5827,5827,5854,5854,5900,5900,5948,5948,5990,5990,6042,6042,6067,6067,6140,6140,6162,6162,6185,6185,6222,6222,6263,6263,6299,6299,6353,6353,6376,6376,6430,6430,6446,6446,6509,6509,6543,6543,6583,6583,6615,6615,6648,6648,6703,6703,6738,6738,6773,6773,6812,6812,6840,6840,6880,6890,6912,6912,6931,6940,6979,6979,7037,7037,7070,7070,7111,7111,7149,7149,7194,7194,7209,7209,7255,7255,7299,7299,7323,7323,7360,7360,7403,7403,7432,7432,7474,7474,7506,7506,7557,7557,7587,7587,7616,7616,7662,7662,7694,7694,7747,7747,7796,7796,7825,7825,7887,7887,7904,7904,7956,7956,7988,7988,8022,8022,8068,8068,8096,8096,8127,8127,8148,8148,8166,8166,8187,8187,8191,8191,8191,8191,8191,8191,8191,8191,8191,8191,8191,8191,8191,8191,8191,8191,8191,8191,8191,8191,8191,8191,8191,8191,8191,8191,8191,8191,8191,8191,8191,8191,8191,8191,8191,8191,8191,8191,8191,8191,8191,8191,8191,8191,8191,8191,8191,8191,8191,8191,8191,8191,8191,8191,8191,8191,8191,8191,8191,8191,8191,8191,8191,8191,8191,8191,8191,8191,8191,8191,8191,8191,8191,8191,8191,8191,8191,8191,8191,8191,8191,

CHANNEL 1
HIST: 0,1044,412,1797,1324,0,794,0,1978,0,756,0,1310,0,1096,0,1291,0,647,0,1501,0,1719,0,1425,0,1102,0,893,0,764,0,1817,0,855,0,1260,0,1584,0,1247,0,575,0,1300,0,1304,0,1404,0,1158,0,1192,0,972,0,1908,0,895,0,1353,0,1916,0,709,0,906,0,1467,0,1290,0,648,0,1543,0,1438,130,1052,0,1277,0,1401,0,1113,0,1366,0,1292,0,1545,0,1070,0,1300,0,1006,25,1467,0,1162,0,1255,0,940,0,966,0,1431,0,1268,0,1291,0,751,0,1428,0,854,0,1453,0,996,0,862,0,1327,0,1265,0,1421,0,672,1,1133,0,1991,0,1151,0,568,578,976,0,1573,0,907,0,1678,0,1307,0,0,0,1054,0,2225,4,1193,0,1555,0,1156,0,948,0,820,0,1693,0,599,0,1540,0,1050,0,1592,0,911,0,1528,765,0,0,0,69,1131,0,2285,0,1070,0,1451,0,648,0,2096,0,1209,0,1053,24,910,0,1134,0,1005,0,239,0,846,0,3031,0,858,0,1982,0,296,0,489,0,909,0,1275,0,1335,0,813,0,976,0,1426,0,727,0,1740,0,1048,0,2188,0,1495,0,455,0,2238,0,1363,0,1111,0,1756,0,976,0,1564,0,1253,0,290,0,1531,0,1511,0,592,0,2325,0,941,0,1903,0,745,0,1011,0,1019,0,1705,0,660,0,1647,0,940,0,958,0,1292,0,1149,0,1075,0,526,0,856,0,1468,0,1282,0,1429,0,918,0,1408,0,1037,0,1534,0,1520,0,1145,0,1044,0,1472,0,635,0,2574,0,1142,0,1310,0,950,0,1059,0,1260,0,1389,0,592,0,1843,0,1413,0,1173,0,1236,0,0,0,635,0,3294,0,1031,0,981,0,1015,0,1356,0,802,0,1275,0,1011,0,1478,0,1048,0,1389,0,712,0,1513,0,801,0,1835,0,788,0,939,0,979,0,1732,0,723,0,1693,0,1007,0,1466,0,470,0,1782,0,1082,0,1559,0,621,0,1883,0,1379,0,728,0,1061,0,1726,0,910,0,1195,0,1290,0,936,0,958,0,1024,0,498,0,759,0,248,0,64,8,0,0,0,0,0,0,0,0,0,0,0,0,0,0,0,0,0,0,0,0,0,0,0,0,0,0,0,0,0,0,0,0,0,0,0,0,0,0,0,0,0,0,0,0,0,0,0,0,0,0,0,0,0,0,0,0,0,0,0,0,0,0,0,0,0,0,0,0,0,0,0,0,0,0,
LUT: 0,0,32,45,101,143,143,167,167,229,229,253,253,294,294,328,328,368,368,389,389,435,435,489,489,534,534,568,568,596,596,620,620,677,677,703,703,743,743,792,792,831,831,849,849,890,890,931,931,975,975,1012,1012,1049,1049,1079,1079,1139,1139,1167,1167,1209,1209,1269,1269,1291,1291,1320,1320,1365,1365,1406,1406,1426,1426,1474,1474,1519,1523,1556,1556,1596,1596,1640,1640,1674,1674,1717,1717,1758,1758,1806,1806,1839,1839,1880,1880,1912,1913,1959,1959,1995,1995,2034,2034,2064,2064,2094,2094,2139,2139,2178,2178,2219,2219,2242,2242,2287,2287,2314,2314,2359,2359,2390,2390,2417,2417,2458,2458,2498,2498,2542,2542,2563,2563,2599,2599,2661,2661,2697,2697,2715,2733,2763,2763,2812,2812,2841,2841,2894,2894,2935,2935,2935,2935,2968,2968,3038,3038,3075,3075,3124,3124,3160,3160,3189,3189,3215,3215,3268,3268,3287,3287,3335,3335,3368,3368,3417,3417,3446,3446,3493,3517,3517,3517,3517,3520,3555,3555,3626,3626,3660,3660,3705,3705,3725,3725,3791,3791,3830,3830,3863,3863,3892,3892,3927,3927,3959,3959,3966,3966,3992,3992,4087,4087,4114,4114,4176,4176,4185,4185,4200,4200,4229,4229,4269,4269,4310,4310,4336,4336,4366,4366,4411,4411,4434,4434,4488,4488,4521,4521,4589,4589,4636,4636,4650,4650,4720,4720,4764,4764,4798,4798,4853,4853,4884,4884,4933,4933,4972,4972,4981,4981,5029,5029,5076,5076,5094,5094,5167,5167,5196,5196,5256,5256,5279,5279,5311,5311,5343,5343,5396,5396,5416,5416,5468,5468,5497,5497,5527,5527,5568,5568,5604,5604,5637,5637,5654,5654,5680,5680,5727,5727,5767,5767,5812,5812,5841,5841,5885,5885,5917,5917,5965,5965,6012,6012,6048,6048,6081,6081,6127,6127,6147,6147,6227,6227,6263,6263,6304,6304,6333,6333,6367,6367,6406,6406,6449,6449,6468,6468,6525,6525,6570,6570,6606,6606,6646,6646,6646,6646,6666,6666,6769,6769,6801,6801,6832,6832,6863,6863,6906,6906,6931,6931,6971,6971,7002,7002,7048,7048,7081,7081,7124,7124,7147,7147,7194,7194,7219,7219,7276,7276,7301,7301,7330,7330,7361,7361,7415,7415,7438,7438,7491,7491,7522,7522,7568,7568,7583,7583,7639,7639,7673,7673,7722,7722,7741,7741,7800,7800,7843,7843,7866,7866,7899,7899,7953,7953,7981,7981,8019,8019,8059,8059,8088,8088,8118,8118,8150,8150,8166,8166,8189,8189,8191,8191,8191,8191,8191,8191,8191,8191,8191,8191,8191,8191,8191,8191,8191,8191,8191,8191,8191,8191,8191,8191,8191,8191,8191,8191,8191,8191,8191,8191,8191,8191,8191,8191,8191,8191,8191,8191,8191,8191,8191,8191,8191,8191,8191,8191,8191,8191,8191,8191,8191,8191,8191,8191,8191,8191,8191,8191,8191,8191,8191,8191,8191,8191,8191,8191,8191,8191,8191,8191,8191,8191,8191,8191,8191,8191,8191,

[1mTDC>[0m 
