Low temperature calibration, high temperature measurements

[1mTDC>[0m 
[1mTDC>[0m temp
52.1875C
[1mTDC>[0m temp
52.1875C
[1mTDC>[0m calinfo
CHANNEL 0
HIST: 0,1057,377,1941,2057,0,1263,0,1384,0,1184,0,1252,0,744,0,1754,0,912,0,1340,0,1465,0,1220,0,1243,0,1019,0,1386,0,2046,0,4,0,1724,0,1279,0,1426,0,1033,0,1409,0,855,0,1088,0,1288,0,1628,0,865,0,2422,0,1018,0,1808,0,729,0,1141,0,1366,0,823,0,1383,0,1659,0,1072,0,461,115,1434,0,1214,0,1076,0,1358,92,2001,0,554,0,1894,0,888,0,1467,0,1006,0,640,0,2192,0,534,0,1254,0,1001,0,1176,0,1303,0,1303,0,1036,0,1218,0,1094,0,1829,0,977,0,1648,0,455,0,1701,0,894,0,1500,0,1086,0,2025,0,638,0,1251,0,1020,0,1559,0,965,0,1037,0,2058,0,944,0,698,0,1299,0,961,0,1412,0,1572,0,694,0,1090,0,1949,0,90,0,2404,0,231,0,1428,0,832,0,1891,2506,0,0,0,0,740,0,829,0,1215,0,1668,0,646,0,1594,0,692,0,1441,0,1047,0,765,0,1484,0,1516,0,848,0,1741,0,1132,0,1375,0,1206,0,902,0,827,0,1445,0,1371,0,976,0,1188,0,1677,0,614,0,943,0,1030,0,1195,0,912,0,2685,0,1326,0,1608,0,1535,0,101,0,912,0,2386,0,945,0,1562,0,1140,0,354,0,1074,0,1962,0,132,0,2304,0,867,0,1122,54,1078,0,2393,0,515,0,2150,0,693,0,1551,0,1244,0,1246,0,983,0,1397,0,896,0,1061,0,1107,0,810,0,1529,0,1463,0,1329,0,1622,0,850,0,2452,0,726,0,814,0,1198,0,1397,0,1097,0,1757,0,765,0,1659,0,530,0,1917,0,1182,0,1256,0,1002,0,1047,1,1756,0,1187,0,1183,0,1216,0,889,0,1302,253,720,0,599,316,1276,0,1786,0,1117,0,1225,0,1302,0,1418,0,429,0,1472,0,1403,0,788,0,1206,0,1394,0,952,0,1448,0,926,0,1789,0,988,0,972,0,1633,0,1012,0,1692,0,1579,0,964,0,1923,0,555,0,1633,0,1047,0,1047,0,1368,0,640,0,671,0,351,0,212,0,77,0,3,0,0,0,0,0,0,0,0,0,0,0,0,0,0,0,0,0,0,0,0,0,0,0,0,0,0,0,0,0,0,0,0,0,0,0,0,0,0,0,0,0,0,0,0,0,0,0,0,0,0,0,0,0,0,0,0,0,0,0,0,0,0,0,0,0,0,0,0,0,0,0,0,0,0,0,0,0,0,0,0,0,
LUT: 0,0,33,44,105,169,169,209,209,252,252,289,289,328,328,351,351,406,406,435,435,477,477,522,522,560,560,599,599,631,631,674,674,739,739,740,740,793,793,833,833,878,878,910,910,954,954,981,981,1015,1015,1055,1055,1106,1106,1133,1133,1209,1209,1241,1241,1297,1297,1320,1320,1356,1356,1398,1398,1424,1424,1468,1468,1520,1520,1554,1554,1568,1572,1616,1616,1654,1654,1688,1688,1730,1733,1796,1796,1813,1813,1872,1872,1900,1900,1946,1946,1977,1977,1997,1997,2066,2066,2082,2082,2122,2122,2153,2153,2190,2190,2231,2231,2272,2272,2304,2304,2343,2343,2377,2377,2434,2434,2464,2464,2516,2516,2530,2530,2583,2583,2611,2611,2658,2658,2692,2692,2755,2755,2775,2775,2814,2814,2846,2846,2895,2895,2926,2926,2959,2959,3023,3023,3052,3052,3074,3074,3115,3115,3145,3145,3189,3189,3238,3238,3260,3260,3294,3294,3355,3355,3357,3357,3433,3433,3440,3440,3484,3484,3510,3510,3570,3648,3648,3648,3648,3648,3672,3672,3698,3698,3736,3736,3788,3788,3808,3808,3858,3858,3880,3880,3925,3925,3957,3957,3981,3981,4028,4028,4075,4075,4102,4102,4156,4156,4191,4191,4234,4234,4272,4272,4300,4300,4326,4326,4371,4371,4415,4415,4445,4445,4483,4483,4535,4535,4554,4554,4584,4584,4616,4616,4653,4653,4682,4682,4766,4766,4807,4807,4857,4857,4905,4905,4908,4908,4937,4937,5011,5011,5041,5041,5090,5090,5126,5126,5138,5138,5171,5171,5232,5232,5237,5237,5309,5309,5336,5336,5371,5372,5406,5406,5481,5481,5497,5497,5564,5564,5586,5586,5634,5634,5673,5673,5712,5712,5743,5743,5786,5786,5814,5814,5849,5849,5883,5883,5908,5908,5956,5956,6002,6002,6044,6044,6094,6094,6121,6121,6197,6197,6220,6220,6246,6246,6283,6283,6327,6327,6361,6361,6416,6416,6440,6440,6492,6492,6508,6508,6568,6568,6606,6606,6645,6645,6677,6677,6709,6709,6764,6764,6801,6801,6838,6838,6876,6876,6904,6904,6945,6953,6975,6975,6994,7004,7044,7044,7099,7099,7134,7134,7173,7173,7213,7213,7258,7258,7271,7271,7318,7318,7362,7362,7386,7386,7424,7424,7468,7468,7497,7497,7543,7543,7572,7572,7628,7628,7658,7658,7689,7689,7740,7740,7771,7771,7824,7824,7874,7874,7904,7904,7964,7964,7981,7981,8032,8032,8066,8066,8099,8099,8141,8141,8161,8161,8182,8182,8191,8191,8191,8191,8191,8191,8191,8191,8191,8191,8191,8191,8191,8191,8191,8191,8191,8191,8191,8191,8191,8191,8191,8191,8191,8191,8191,8191,8191,8191,8191,8191,8191,8191,8191,8191,8191,8191,8191,8191,8191,8191,8191,8191,8191,8191,8191,8191,8191,8191,8191,8191,8191,8191,8191,8191,8191,8191,8191,8191,8191,8191,8191,8191,8191,8191,8191,8191,8191,8191,8191,8191,8191,8191,8191,8191,8191,8191,8191,8191,8191,8191,8191,8191,8191,8191,8191,

CHANNEL 1
HIST: 0,1010,399,1866,1474,0,835,0,2047,0,746,0,1279,0,1146,0,1306,0,670,0,1498,0,1744,0,1477,0,1213,0,811,0,748,0,1741,0,842,0,1329,0,1564,0,1199,0,604,0,1282,0,1278,0,1463,0,1214,0,1172,0,907,0,1892,0,932,0,1318,0,2060,0,687,0,874,0,1516,0,1156,0,609,0,1645,0,1436,99,1031,0,1357,0,1402,0,1109,0,1309,0,1261,0,1578,0,1117,0,1336,0,945,21,1401,0,1146,0,1262,0,1011,0,981,0,1419,0,1269,0,1254,0,773,0,1406,0,865,0,1356,0,966,0,895,0,1378,0,1361,0,1449,0,613,0,1166,0,1974,0,1212,0,574,518,921,0,1520,0,933,0,1746,0,1326,0,0,0,1059,0,2359,0,1202,0,1580,0,1195,0,936,0,807,0,1630,0,653,0,1518,0,988,0,1627,0,869,0,1551,714,0,0,0,52,1196,0,2325,0,1050,0,1449,0,659,0,2159,0,1203,0,1056,39,916,0,1203,0,950,0,260,0,820,0,3143,0,920,0,2044,0,312,0,470,0,892,0,1236,0,1358,0,903,0,988,0,1514,0,690,0,1725,0,1092,0,2200,0,1457,0,416,0,2156,0,1443,0,1174,0,1688,0,1003,0,1588,0,1298,0,313,0,1566,0,1459,0,644,0,2359,0,944,0,1885,0,746,0,1048,0,986,0,1620,0,631,0,1588,0,1028,0,852,0,1254,0,1206,0,1114,0,577,0,864,0,1520,0,1250,0,1385,0,951,0,1369,0,1040,0,1600,0,1521,0,1245,0,1013,0,1469,0,645,0,2577,0,1141,0,1360,0,991,0,1030,0,1303,0,1412,0,639,0,1823,0,1480,0,1197,0,1280,0,0,0,664,0,3231,0,1143,0,970,0,989,0,1468,0,806,0,1242,0,1009,0,1621,0,1052,0,1436,0,725,0,1589,0,750,0,1888,0,775,0,966,0,944,0,1660,0,788,0,1783,0,970,0,1518,0,498,0,1773,0,1127,0,1581,0,623,0,1987,0,1424,0,804,0,1119,0,1676,0,863,0,1238,0,1242,0,746,0,623,0,584,0,186,0,147,0,6,0,0,0,0,0,0,0,0,0,0,0,0,0,0,0,0,0,0,0,0,0,0,0,0,0,0,0,0,0,0,0,0,0,0,0,0,0,0,0,0,0,0,0,0,0,0,0,0,0,0,0,0,0,0,0,0,0,0,0,0,0,0,0,0,0,0,0,0,0,0,0,0,0,0,0,0,0,
LUT: 0,0,31,44,102,148,148,174,174,238,238,261,261,301,301,337,337,378,378,399,399,446,446,500,500,546,546,584,584,610,610,633,633,687,687,714,714,755,755,804,804,842,842,860,860,900,900,940,940,986,986,1024,1024,1061,1061,1089,1089,1148,1148,1177,1177,1218,1218,1283,1283,1304,1304,1332,1332,1379,1379,1416,1416,1435,1435,1487,1487,1531,1535,1567,1567,1609,1609,1653,1653,1688,1688,1729,1729,1768,1768,1817,1817,1852,1852,1894,1894,1923,1924,1968,1968,2004,2004,2043,2043,2075,2075,2105,2105,2150,2150,2189,2189,2229,2229,2253,2253,2297,2297,2324,2324,2366,2366,2396,2396,2424,2424,2467,2467,2510,2510,2555,2555,2574,2574,2611,2611,2672,2672,2710,2710,2728,2744,2773,2773,2822,2822,2851,2851,2905,2905,2947,2947,2947,2947,2980,2980,3054,3054,3091,3091,3141,3141,3178,3178,3207,3207,3232,3232,3283,3283,3304,3304,3351,3351,3382,3382,3433,3433,3460,3460,3508,3531,3531,3531,3531,3532,3570,3570,3642,3642,3675,3675,3721,3721,3741,3741,3809,3809,3846,3846,3879,3880,3909,3909,3947,3947,3976,3976,3984,3984,4010,4010,4108,4108,4137,4137,4201,4201,4212,4212,4226,4226,4254,4254,4293,4293,4335,4335,4364,4364,4394,4394,4442,4442,4463,4463,4517,4517,4551,4551,4620,4620,4666,4666,4679,4679,4746,4746,4791,4791,4828,4828,4880,4880,4912,4912,4961,4961,5002,5002,5012,5012,5061,5061,5106,5106,5126,5126,5200,5200,5230,5230,5289,5289,5312,5312,5345,5345,5375,5375,5426,5426,5446,5446,5495,5495,5528,5528,5554,5554,5593,5593,5632,5632,5667,5667,5685,5685,5712,5712,5759,5759,5798,5798,5842,5842,5871,5871,5914,5914,5947,5947,5997,5997,6044,6044,6083,6083,6115,6115,6161,6161,6181,6181,6261,6261,6297,6297,6340,6340,6371,6371,6403,6403,6443,6443,6488,6488,6508,6508,6565,6565,6611,6611,6648,6648,6688,6688,6688,6688,6709,6709,6810,6810,6846,6846,6876,6876,6907,6907,6953,6953,6978,6978,7018,7018,7049,7049,7100,7100,7133,7133,7178,7178,7200,7200,7250,7250,7273,7273,7332,7332,7357,7357,7387,7387,7416,7416,7468,7468,7493,7493,7549,7549,7579,7579,7626,7626,7642,7642,7697,7697,7732,7732,7782,7782,7801,7801,7863,7863,7908,7908,7933,7933,7968,7968,8020,8020,8047,8047,8086,8086,8125,8125,8148,8148,8168,8168,8186,8186,8191,8191,8191,8191,8191,8191,8191,8191,8191,8191,8191,8191,8191,8191,8191,8191,8191,8191,8191,8191,8191,8191,8191,8191,8191,8191,8191,8191,8191,8191,8191,8191,8191,8191,8191,8191,8191,8191,8191,8191,8191,8191,8191,8191,8191,8191,8191,8191,8191,8191,8191,8191,8191,8191,8191,8191,8191,8191,8191,8191,8191,8191,8191,8191,8191,8191,8191,8191,8191,8191,8191,8191,8191,8191,8191,8191,8191,8191,8191,8191,8191,

[1mTDC>[0m 
